x_min: 1430 
x_max: 3650
light_slope: -0.02640
light_constant: 217.76213